[1,[4,(66.5928966675852,25.6864504635737,41.2326158682036),yellow],[3,(93.7495131109606,15.9399737026263,34.648942823824),red],[2,(102.143424577249,32.0372844565634,19.0467603593351),purple],[1,(91.8305631595806,32.1057653204099,14.058316435692),orange]]
[move_infront_of,4,1,infront_of,2]
[1,[4,(112.227939975099,31.9566982275873,41.2326158682036),yellow],[3,(93.7495131109606,15.9399737026263,34.648942823824),red],[2,(102.143424577249,32.0372844565634,19.0467603593351),purple],[1,(91.8305631595806,32.1057653204099,14.058316435692),orange]]
[2,[4,(37.4924294266349,46.0231403568867,33.665960926407),green],[3,(77.8907069367779,40.5030872582007,2.09433839288277),cyan],[2,(52.89130798703,38.7621939630537,18.3230116350218),blue],[1,(52.4557873292155,48.5893845411899,45.3115365213303),yellow]]
[move_behind_of,3,1,left_of,2]
[2,[4,(37.4924294266349,46.0231403568867,33.665960926407),green],[3,(42.7373783004952,48.5105164814516,2.09433839288277),cyan],[2,(52.89130798703,38.7621939630537,18.3230116350218),blue],[1,(52.4557873292155,48.5893845411899,45.3115365213303),yellow]]
[5,[4,(0.672982503042083,36.6362790375186,12.5591678137701),magenta],[3,(115.646570416003,17.8900643242011,24.2065508729809),black],[2,(118.823671614986,35.6302450052028,40.4539781810967),magenta],[1,(108.341859983439,35.8356712459753,32.4539257131768),yellow]]
[move_left_of,4,1,infront_of,2]
[5,[4,(107.98796493571,26.8403319246157,12.5591678137701),magenta],[3,(115.646570416003,17.8900643242011,24.2065508729809),black],[2,(118.823671614986,35.6302450052028,40.4539781810967),magenta],[1,(108.341859983439,35.8356712459753,32.4539257131768),yellow]]
[6,[4,(36.4469534142162,2.267135410694,16.3232730311916),green],[3,(11.0841915187016,45.413310592675,4.37188504933002),pink],[2,(1.18873067255538,45.5938799891592,36.0687737753935),brown],[1,(81.4712887264189,22.0432761414178,30.4242742622384),purple]]
[move_infront_of,4,2,infront_of,3]
[6,[4,(21.1150210885516,44.8595722988157,16.3232730311916),green],[3,(11.0841915187016,45.413310592675,4.37188504933002),pink],[2,(1.18873067255538,45.5938799891592,36.0687737753935),brown],[1,(81.4712887264189,22.0432761414178,30.4242742622384),purple]]
[9,[4,(62.9633661280216,17.2108492335355,30.4525704730547),white],[3,(52.4708420096295,58.9873725543671,28.563290964143),cyan],[2,(18.7329559547733,25.4012216756963,42.4945171887495),red],[1,(28.9685830236266,25.6410556685371,11.1612438043399),white]]
[move_left_of,3,1,behind_of,2]
[9,[4,(62.9633661280216,17.2108492335355,30.4525704730547),white],[3,(29.0684089552806,15.5195398245776,28.563290964143),cyan],[2,(18.7329559547733,25.4012216756963,42.4945171887495),red],[1,(28.9685830236266,25.6410556685371,11.1612438043399),white]]
[11,[4,(60.9298219815501,53.1215196257092,38.4900883252221),cyan],[3,(34.2779403101581,5.40191531142049,1.06891221416598),white],[2,(33.4275492622645,15.7509736045035,44.7568579319664),gray],[1,(59.9362796265335,18.9271005424331,19.4523336922062),magenta]]
[move_right_of,4,2,left_of,3]
[11,[4,(33.7574341226226,26.2263865213267,38.4900883252221),cyan],[3,(34.2779403101581,5.40191531142049,1.06891221416598),white],[2,(33.4275492622645,15.7509736045035,44.7568579319664),gray],[1,(59.9362796265335,18.9271005424331,19.4523336922062),magenta]]
[12,[4,(65.7503617861077,9.54626567174972,42.8390347831133),blue],[3,(117.198463528044,38.0645826356786,28.4966603985506),white],[2,(53.5337181237231,7.63105281450088,29.3405166265278),green],[1,(43.6302547732509,7.60581110958281,9.85763469238655),red]]
[move_right_of,4,1,infront_of,2]
[12,[4,(43.7888367778692,17.1817840125522,42.8390347831133),blue],[3,(117.198463528044,38.0645826356786,28.4966603985506),white],[2,(53.5337181237231,7.63105281450088,29.3405166265278),green],[1,(43.6302547732509,7.60581110958281,9.85763469238655),red]]
[16,[4,(78.5897673287381,12.1278863736093,41.2625807529607),blue],[3,(53.2437783474284,15.6525356711693,23.7741295824638),cyan],[2,(53.2019805597151,25.6833733830989,5.60425387490739),gray],[1,(84.8580304555865,45.5959655743073,45.9956190064529),green]]
[move_right_of,1,2,left_of,3]
[16,[4,(78.5897673287381,12.1278863736093,41.2625807529607),blue],[3,(53.2437783474284,15.6525356711693,23.7741295824638),cyan],[2,(53.2019805597151,25.6833733830989,5.60425387490739),gray],[1,(53.4247676350847,35.2354163326387,45.9956190064529),green]]
[19,[4,(7.41142871203433,45.1517031645177,44.0452166106762),cyan],[3,(68.1952645957754,24.7877637503006,33.9386446093855),blue],[2,(68.0025377627474,35.1767588850003,4.88068291679057),magenta],[1,(77.6130522031398,8.57576857720305,33.4778717874912),red]]
[move_right_of,1,2,left_of,3]
[19,[4,(7.41142871203433,45.1517031645177,44.0452166106762),cyan],[3,(68.1952645957754,24.7877637503006,33.9386446093855),blue],[2,(68.0025377627474,35.1767588850003,4.88068291679057),magenta],[1,(67.6498577787406,44.654831938372,33.4778717874912),red]]
[21,[4,(116.830252668276,54.5655671761211,16.4799088223278),red],[3,(36.7392450900702,29.9243127205628,44.6909476978197),yellow],[2,(37.0091147520622,40.0153458770436,8.61492290097052),pink],[1,(0.412317048950268,24.9180846684231,9.28570707761017),red]]
[move_right_of,4,2,left_of,3]
[21,[4,(36.6651046839094,50.5004080793928,16.4799088223278),red],[3,(36.7392450900702,29.9243127205628,44.6909476978197),yellow],[2,(37.0091147520622,40.0153458770436,8.61492290097052),pink],[1,(0.412317048950268,24.9180846684231,9.28570707761017),red]]
[23,[4,(67.8223783644205,45.0653233959683,40.5106611505666),brown],[3,(68.1773647610924,55.972756173449,27.8773738433967),orange],[2,(65.722137403545,34.1451329617506,8.27293983114555),brown],[1,(81.9079911345188,0.45494363664414,2.73384256415714),green]]
[move_infront_of,2,3,left_of,4]
[23,[4,(67.8223783644205,45.0653233959683,40.5106611505666),brown],[3,(68.1773647610924,55.972756173449,27.8773738433967),orange],[2,(78.0736883915164,55.5616934917973,8.27293983114555),brown],[1,(81.9079911345188,0.45494363664414,2.73384256415714),green]]
[24,[4,(91.5854034999318,51.9613502323447,25.7790724401265),red],[3,(104.327129025165,53.5462239261466,30.3077664833086),black],[2,(29.4710712243965,43.7172628181652,21.6928435823381),black],[1,(29.7771275554677,33.6590071365512,11.2757316843028),yellow]]
[move_right_of,3,1,right_of,2]
[24,[4,(91.5854034999318,51.9613502323447,25.7790724401265),red],[3,(29.2640211539272,53.5558501437705,30.3077664833086),black],[2,(29.4710712243965,43.7172628181652,21.6928435823381),black],[1,(29.7771275554677,33.6590071365512,11.2757316843028),yellow]]
[25,[4,(114.285765362105,59.780077943476,37.2356682956385),orange],[3,(67.5597750581375,28.2116440083648,31.2072246247936),purple],[2,(67.8405030015113,18.1200101310946,9.73361856757366),green],[1,(11.1371846176391,44.9539571371646,3.58915014825256),yellow]]
[move_infront_of,1,2,right_of,3]
[25,[4,(114.285765362105,59.780077943476,37.2356682956385),orange],[3,(67.5597750581375,28.2116440083648,31.2072246247936),purple],[2,(67.8405030015113,18.1200101310946,9.73361856757366),green],[1,(77.4001818181654,18.1346576558864,3.58915014825256),yellow]]
[26,[4,(95.3676491302287,15.2556346986702,6.64870485507357),orange],[3,(27.1902843691363,19.2828785252212,28.7713310349599),yellow],[2,(52.2970191305479,40.624898310728,20.4983912038144),white],[1,(42.6349167351774,40.7340734827957,37.6147879928419),white]]
[move_right_of,3,1,infront_of,2]
[26,[4,(95.3676491302287,15.2556346986702,6.64870485507357),orange],[3,(42.5757682550987,50.400813714259,28.7713310349599),yellow],[2,(52.2970191305479,40.624898310728,20.4983912038144),white],[1,(42.6349167351774,40.7340734827957,37.6147879928419),white]]
[27,[4,(77.6473814992112,32.2025600211237,29.4458917246414),brown],[3,(86.7474397303292,32.5449305272405,16.32809933104),purple],[2,(99.6549919339153,56.1756107752098,28.1675145626848),white],[1,(72.5932358357093,30.144198476404,34.6978774921493),brown]]
[move_behind_of,2,3,behind_of,4]
[27,[4,(77.6473814992112,32.2025600211237,29.4458917246414),brown],[3,(86.7474397303292,32.5449305272405,16.32809933104),purple],[2,(67.334013478079,31.6039924410161,28.1675145626848),white],[1,(72.5932358357093,30.144198476404,34.6978774921493),brown]]
[28,[4,(28.5151025288578,36.7370369948325,16.0393482148831),yellow],[3,(38.9342798287674,36.5312325845152,29.6265999924515),gray],[2,(15.5735952665906,59.0825630347629,32.0075311148574),red],[1,(6.95963491078449,25.1623115340072,16.9075226489955),purple]]
[move_right_of,1,3,behind_of,4]
[28,[4,(28.5151025288578,36.7370369948325,16.0393482148831),yellow],[3,(38.9342798287674,36.5312325845152,29.6265999924515),gray],[2,(15.5735952665906,59.0825630347629,32.0075311148574),red],[1,(38.6986539983082,45.7388582604467,16.9075226489955),purple]]
[29,[4,(111.986090090119,1.26025806239818,34.0752444388695),pink],[3,(42.9348955503362,13.5764334972838,21.362215523311),magenta],[2,(42.0220807877738,46.4734354355151,5.29315008562671),red],[1,(42.4280690226835,56.8693783585305,49.9844094505461),yellow]]
[move_left_of,3,1,left_of,2]
[29,[4,(111.986090090119,1.26025806239818,34.0752444388695),pink],[3,(41.5813717124387,36.9444992014569,21.362215523311),magenta],[2,(42.0220807877738,46.4734354355151,5.29315008562671),red],[1,(42.4280690226835,56.8693783585305,49.9844094505461),yellow]]
[30,[4,(48.6683530486965,10.6696830958776,32.5030670885477),gray],[3,(38.8199226180184,10.7580917564957,33.1291942545814),cyan],[2,(91.2178876675749,27.3843719192708,6.00841879193132),cyan],[1,(7.94298168641654,37.5568759802528,9.1954098358729),brown]]
[move_left_of,2,3,infront_of,4]
[30,[4,(48.6683530486965,10.6696830958776,32.5030670885477),gray],[3,(38.8199226180184,10.7580917564957,33.1291942545814),cyan],[2,(38.993535440187,1.50682024072022,6.00841879193132),cyan],[1,(7.94298168641654,37.5568759802528,9.1954098358729),brown]]

